xishuM.cpp运行结果:
稀疏矩阵a1:
  0 12  9  0  0  0  0
  0  0  0  0  0  0  0
 -3  0  0  0  0 14  0
  0  0 24  0  0  0  0
  0 18  0  0  0  0  0
 15  0  0 -7  0  0  0
原三元组顺序表a1:
   i   j   e
   0   1  12
   0   2   9
   2   0  -3
   2   5  14
   3   2  24
   4   1  18
   5   0  15
   5   3  -7
按任意键继续...
转置矩阵 c1:
  0  0 -3  0  0 15
 12  0  0  0 18  0
  9  0  0 24  0  0
  0  0  0  0  0 -7
  0  0  0  0  0  0
  0  0 14  0  0  0
  0  0  0  0  0  0
转置矩阵三元组顺序表:
   i   j   e
   0   2  -3
   0   5  15
   1   0  12
   1   4  18
   2   0   9
   2   3  24
   3   5  -7
   5   2  14
按任意键继续...
转置矩阵 b1:
  0  0 -3  0  0 15
 12  0  0  0 18  0
  9  0  0 24  0  0
  0  0  0  0  0 -7
  0  0  0  0  0  0
  0  0 14  0  0  0
  0  0  0  0  0  0
乘积矩阵三元组顺序表:
   i   j   e
   0   0  41
   0   1 105
   1   0   8
   1   1   8
   2   0   6
   2   1  56
创建的稀疏矩阵:
  0  0  0  2
  0  0  9  0
  0  3  5  7
按任意键结束!
