duifa2.cpp运行结果:
排序前数组:
  29  72  52   8  64  26  24  12  25  69
数组排序的过程演示:
  64  72  52  25  69  26  24  12   8  29
  29  69  52  25  64  26  24  12   8  72
   8  64  52  25  29  26  24  12  69  72
  12  29  52  25   8  26  24  64  69  72
  24  29  26  25   8  12  52  64  69  72
  12  25  26  24   8  29  52  64  69  72
   8  25  12  24  26  29  52  64  69  72
   8  24  12  25  26  29  52  64  69  72
  12   8  24  25  26  29  52  64  69  72
   8  12  24  25  26  29  52  64  69  72
排序后数组:
   8  12  24  25  26  29  52  64  69  72
