duifa1.cpp运行结果:
排序前数组:
   0  40  75  15  17  14  60  69  61  25
数组排序的过程演示:
  11  69  60  61  25  14   0  15  40  17
  17  61  60  40  25  14   0  15  11  69
  11  40  60  17  25  14   0  15  61  69
  15  40  14  17  25  11   0  60  61  69
   0  25  14  17  15  11  40  60  61  69
  11  17  14   0  15  25  40  60  61  69
  11  15  14   0  17  25  40  60  61  69
   0  11  14  15  17  25  40  60  61  69
   0  11  14  15  17  25  40  60  61  69
   0  11  14  15  17  25  40  60  61  69
排序后数组:
   0  11  14  15  17  25  40  60  61  69
