guibingfa2.cpp运行结果:
排序前数组:
  63  10   1  68   6  66  67  62  51  21  46
数组排序的过程演示:
   1   6  10  63  68  21  46  51  62  66  67
   1   0   0   0   0   0   0   0   0   0   0
   1   6   0   0   0   0   0   0   0   0   0
   1   6  10   0   0   0   0   0   0   0   0
   1   6  10  21   0   0   0   0   0   0   0
   1   6  10  21  46   0   0   0   0   0   0
   1   6  10  21  46  51   0   0   0   0   0
   1   6  10  21  46  51  62   0   0   0   0
   1   6  10  21  46  51  62  63   0   0   0
   1   6  10  21  46  51  62  63  66   0   0
   1   6  10  21  46  51  62  63  66  67   0
   1   6  10  21  46  51  62  63  66  67  68
排序后数组:
   1   6  10  21  46  51  62  63  66  67  68
