guibingfa1.cpp运行结果:
排序前数组:
  27  50  23  43  18  40  38  54  23  34  73
数组排序的过程演示:
  18  23  27  43  50  23  34  38  40  54  73
  18   0   0   0   0   0   0   0   0   0   0
  18  23   0   0   0   0   0   0   0   0   0
  18  23  23   0   0   0   0   0   0   0   0
  18  23  23  27   0   0   0   0   0   0   0
  18  23  23  27  34   0   0   0   0   0   0
  18  23  23  27  34  38   0   0   0   0   0
  18  23  23  27  34  38  40   0   0   0   0
  18  23  23  27  34  38  40  43   0   0   0
  18  23  23  27  34  38  40  43  50   0   0
  18  23  23  27  34  38  40  43  50  54  73
排序后数组:
  18  23  23  27  34  38  40  43  50  54  73
