kuaisufa2.cpp运行结果:
排序前数组:
 121.68  80.22 111.26 149.65   3.80  15.60 107.57  31.82 123.46  89.53
数组排序的过程演示:
  89.53  80.22 111.26  31.82   3.80  15.60 107.57 121.68 123.46 149.65
  15.60  80.22   3.80  31.82  89.53 111.26 107.57 121.68 123.46 149.65
   3.80  15.60  80.22  31.82  89.53 111.26 107.57 121.68 123.46 149.65
   3.80  15.60  31.82  80.22  89.53 111.26 107.57 121.68 123.46 149.65
   3.80  15.60  31.82  80.22  89.53 107.57 111.26 121.68 123.46 149.65
   3.80  15.60  31.82  80.22  89.53 107.57 111.26 121.68 123.46 149.65
排序后数组:
   3.80  15.60  31.82  80.22  89.53 107.57 111.26 121.68 123.46 149.65
