kuaisufa2.cpp运行结果:
排序前数组:
 121.83  72.39  95.95  85.61 140.27  28.46  83.79  63.93  47.29 140.54
数组排序的过程演示:
  47.29  72.39  95.95  85.61  63.93  28.46  83.79 121.83 140.27 140.54
  28.46  47.29  95.95  85.61  63.93  72.39  83.79 121.83 140.27 140.54
  28.46  47.29  83.79  85.61  63.93  72.39  95.95 121.83 140.27 140.54
  28.46  47.29  72.39  63.93  83.79  85.61  95.95 121.83 140.27 140.54
  28.46  47.29  63.93  72.39  83.79  85.61  95.95 121.83 140.27 140.54
  28.46  47.29  63.93  72.39  83.79  85.61  95.95 121.83 140.27 140.54
排序后数组:
  28.46  47.29  63.93  72.39  83.79  85.61  95.95 121.83 140.27 140.54
