xierfa1.cpp运行结果:
排序前数组:
  25  35   5  98  53   5  72  84  37  84
数组排序过程演示:
   5  35   5  98  53  25  72  84  37  84
   5  35   5  98  53  25  72  84  37  84
   5  35   5  98  53  25  72  84  37  84
   5  35   5  37  53  25  72  84  98  84
   5  35   5  37  53  25  72  84  98  84
   5  35   5  37  53  25  72  84  98  84
   5  35   5  37  53  25  72  84  98  84
   5  35   5  37  53  25  72  84  98  84
   5  25   5  35  53  37  72  84  98  84
   5  25   5  35  53  37  72  84  98  84
   5  25   5  35  53  37  72  84  98  84
   5  25   5  35  53  37  72  84  98  84
   5  25   5  35  53  37  72  84  98  84
   5  25   5  35  53  37  72  84  98  84
   5   5  25  35  53  37  72  84  98  84
   5   5  25  35  53  37  72  84  98  84
   5   5  25  35  53  37  72  84  98  84
   5   5  25  35  37  53  72  84  98  84
   5   5  25  35  37  53  72  84  98  84
   5   5  25  35  37  53  72  84  98  84
   5   5  25  35  37  53  72  84  98  84
   5   5  25  35  37  53  72  84  84  98
排序后数组:
   5   5  25  35  37  53  72  84  84  98
