xierfa2.cpp运行结果:
排序前数组:
  21  53  14  47  61  78  43  14  63  14
数组排序过程演示:
  21  53  14  47  61  78  43  14  63  14
  21  43  14  47  61  78  53  14  63  14
  21  43  14  47  61  78  53  14  63  14
  21  43  14  47  61  78  53  14  63  14
  21  43  14  47  14  78  53  14  63  61
  14  43  21  47  14  78  53  14  63  61
  14  43  21  47  14  78  53  14  63  61
  14  43  14  47  21  78  53  14  63  61
  14  43  14  47  21  78  53  14  63  61
  14  43  14  47  21  78  53  14  63  61
  14  14  14  43  21  47  53  78  63  61
  14  14  14  43  21  47  53  78  63  61
  14  14  14  43  21  47  53  61  63  78
  14  14  14  43  21  47  53  61  63  78
  14  14  14  43  21  47  53  61  63  78
  14  14  14  43  21  47  53  61  63  78
  14  14  14  21  43  47  53  61  63  78
  14  14  14  21  43  47  53  61  63  78
  14  14  14  21  43  47  53  61  63  78
  14  14  14  21  43  47  53  61  63  78
  14  14  14  21  43  47  53  61  63  78
  14  14  14  21  43  47  53  61  63  78
排序后数组:
  14  14  14  21  43  47  53  61  63  78
