xuanze4f.cpp运行结果:
排序前数组:
   7  12  91  40  95  67   7  64  97  35
数组排序过程演示:
      7     12     91     40     95     67      7     64     97     35
      7      7     91     40     95     67     12     64     97     35
      7      7     12     40     95     67     91     64     97     35
      7      7     12     35     95     67     91     64     97     40
      7      7     12     35     40     67     91     64     97     95
      7      7     12     35     40     64     91     67     97     95
      7      7     12     35     40     64     67     91     97     95
      7      7     12     35     40     64     67     91     97     95
      7      7     12     35     40     64     67     91     95     97
排序后数组:
   7   7  12  35  40  64  67  91  95  97
排序前数组:
 120.00 278.84 163.48 145.91 276.95 229.17  53.14 208.58 101.02 150.49
数组排序过程演示:
  53.14 278.84 163.48 145.91 276.95 229.17 120.00 208.58 101.02 150.49
  53.14 101.02 163.48 145.91 276.95 229.17 120.00 208.58 278.84 150.49
  53.14 101.02 120.00 145.91 276.95 229.17 163.48 208.58 278.84 150.49
  53.14 101.02 120.00 145.91 276.95 229.17 163.48 208.58 278.84 150.49
  53.14 101.02 120.00 145.91 150.49 229.17 163.48 208.58 278.84 276.95
  53.14 101.02 120.00 145.91 150.49 163.48 229.17 208.58 278.84 276.95
  53.14 101.02 120.00 145.91 150.49 163.48 208.58 229.17 278.84 276.95
  53.14 101.02 120.00 145.91 150.49 163.48 208.58 229.17 278.84 276.95
  53.14 101.02 120.00 145.91 150.49 163.48 208.58 229.17 276.95 278.84

排序后数组:
  53.14 101.02 120.00 145.91 150.49 163.48 208.58 229.17 276.95 278.84
